0.0 3507.2881372372763 1
137.777191525 3450.48300898 1
282.642154521 3489.30213109 1
427.507117518 3528.1212532 1
555.479382495 3475.66851486 1
676.854899337 3387.57330695 1
798.230416179 3299.47809904 1
919.28260301 3210.93916056 1
1040.32815972 3122.39112305 1
1161.65208634 3034.22819417 1
1283.69665665 2947.06223405 1
1405.74122696 2859.89627393 1
1500.1873514 2753.01382118 1
1543.08248865 2609.30303889 1
1585.9776259 2465.5922566 1
1629.01009458 2321.92255137 1
1672.07053606 2178.26121306 1
1753.57594887 2072.09472951 1
1896.11499023 2025.45350918 1
2038.62343501 1978.72133725 1
2180.37092394 1929.72714243 1
2322.11841288 1880.73294762 1
2464.48787733 1833.62324326 1
2607.55116756 1788.61572464 1
2750.61445779 1743.60820602 1
2848.25498935 1644.29443009 1
2916.90308265 1510.95479158 1
2984.9094085 1377.28384713 1
3052.99866944 1243.65515106 1
3121.1441967 1110.0551179 1
3221.08163241 1023.92024626 1
3370.5633437 1011.75473214 1
3520.15386282 1001.03726889 1
3669.92537485 993.209374631 1
3782.75538553 919.57526901 1
3867.43273956 795.79107188 1
3952.52533941 672.29297075 1
4038.02654235 549.076388906 1
4123.46445916 425.816255976 1
4208.00435321 301.938138215 1
4292.54424725 178.060020452 1
4420.5330426 113.206635806 1
4563.86102758 69.052116009 1
4706.89629695 23.9556254536 1
4848.00041591 26.498842141 1
4986.9162651 83.0246644587 1
5125.83211429 139.550486776 1
5264.68066837 196.241299749 1
5403.50273065 252.997063953 1
5542.32479293 309.752828158 1
5681.290451 366.152421654 1
5820.65870292 421.553433394 1
5959.38005506 478.526981392 1
6097.38924713 537.231705653 1
6235.3984392 595.936429915 1
6373.52084161 654.373311061 1
6511.79670449 712.447121769 1
6650.07256737 770.520932476 1
6788.0911983 829.201401166 1
6925.96654843 888.219784503 1
7063.97376014 946.927933218 1
7202.14869195 1005.24148194 1
7343.78859264 1046.43321567 1
7493.76452986 1046.43321567 1
7643.74041127 1046.37776996 1
7793.71604461 1046.07585917 1
7943.69127579 1045.69539124 1
8093.66213955 1044.46179178 1
8243.63300331 1043.22819232 1
8393.60002741 1041.63386065 1
8543.56317076 1039.67493682 1
8693.53108688 1038.40551596 1
8843.50697825 1038.28824881 1
8993.48286962 1038.17098166 1
9137.93358447 1004.05438153 1
9280.22900431 956.675111392 1
9422.40172508 908.930680581 1
9564.43509224 860.771524043 1
9706.49070795 812.678341358 1
9848.68203825 764.987594534 1
9990.87336855 717.29684771 1
10133.0970003 669.702714618 1
10275.379183 622.283707633 1
10417.6613657 574.864700656 1
10565.8517084 552.783370318 1
10714.43324 532.37968861 1
10863.0637546 512.33599983 1
11011.6951678 492.298915116 1
11160.2391774 471.639159779 1
11308.643146 449.981739563 1
11457.1441122 429.017724024 1
11605.794436 409.121418348 1
11754.4447598 389.225112671 1
11902.6807735 366.735609704 1
12050.130486 339.324589249 1
12197.5801985 311.913568789 1
12345.094912 284.859948686 1
12492.7537908 258.599003128 1
12640.3670587 232.084976361 1
12787.9035758 205.145082704 1
12935.4481657 178.24975252 1
13083.0594416 151.722540515 1
13230.6707175 125.195328508 1
13379.3781379 127.208177758 1
13528.5892398 142.335266232 1
13677.8102918 157.361329797 1
13827.1055059 171.634409289 1
13976.40072 185.907488783 1
14125.6719703 200.424834037 1
14274.8945805 215.437972884 1
14424.1171907 230.451111727 1
14573.2993294 245.859023875 1
14722.4641241 261.436115286 1
14871.6746985 276.554367992 1
15020.9767044 290.756226433 1
15170.2787103 304.958084875 1
15319.3544851 321.352605576 1
15468.4109461 337.934317515 1
15617.5944661 353.30371764 1
15766.8498724 367.987226095 1
15916.087502 382.846530797 1
16065.2609458 398.340575485 1
16214.4343896 413.834620177 1
16363.5772944 429.619622436 1
16512.7168433 445.436597231 1
16661.838349 461.421763605 1
16810.9392175 477.599302044 1
16960.040086 493.77684048 1
17109.2493762 508.919749185 1
17258.4648569 524.003584141 1
17407.667349 539.214868203 1
17556.8580242 554.542105077 1
17706.047073 569.884930469 1
17855.1885646 585.683576584 1
18004.3300562 601.482222697 1
18153.4932435 617.073375777 1
18302.6769962 632.46784514 1
18451.854661 647.920379895 1
18600.987226 663.803068629 1
18750.119791 679.685757362 1
18899.3595774 694.495205964 1
19048.6867503 708.42995273 1
19197.9329319 723.16212614 1
19347.0124416 739.535321776 1
19496.1180186 755.667209891 1
19645.2549468 771.508876605 1
19794.6192122 783.128363236 1
19944.5949177 783.391986286 1
20094.5706232 783.655609335 1
20244.5445308 784.394513668 1
20394.5179385 785.265569507 1
20544.4917399 785.957283961 1
20694.4675265 785.744759605 1
20844.4433131 785.532235249 1
20994.4190285 785.287756491 1
21144.3942705 784.831097762 1
21294.3695125 784.374439032 1
21431.802388 844.037066031 1
21569.08443 904.42268252 1
21707.1718022 962.921906357 1
21845.7377711 1020.30007307 1
21983.8030436 1078.83756662 1
22120.5734698 1140.37318447 1
22257.343896 1201.90880232 1
22395.2565286 1260.82684193 1
22533.3865195 1319.24676465 1
22672.7924569 1374.20100626 1
22815.8279737 1419.29671206 1
22958.8634905 1464.39241786 1
23101.8722148 1509.57299407 1
23244.8739608 1554.77567532 1
23387.7537802 1600.36065376 1
23530.5210098 1646.29865423 1
23673.2882394 1692.23665468 1
23816.007793 1738.32255689 1
23958.7266024 1784.41076796 1
24102.1016296 1828.37875359 1
24245.9028879 1870.96959597 1
24389.2814095 1914.92055202 1
24531.8899945 1961.34870322 1
24674.4985795 2007.77685442 1
24817.351214 2053.4464045 1
24960.2802299 2098.87853152 1
25103.0474036 2144.8152139 1
25245.7355677 2190.99821474 1
25389.0658367 2235.11994094 1
25532.7389827 2278.14096922 1
25677.8881739 2315.13362976 1
25825.1846508 2343.35648651 1
25972.4811277 2371.57934326 1
26119.4128635 2401.64001132 1
26266.3235081 2431.80695122 1
26413.2409914 2461.94053049 1
26560.1717887 2492.00916102 1
26707.102586 2522.07779155 1
26854.4839198 2549.84419582 1
27001.9103606 2577.38010506 1
27149.293692 2605.13856035 1
27296.3384925 2634.64463432 1
27443.383293 2664.1507083 1
27590.4943808 2693.31754759 1
27737.83022 2721.33418945 1
27885.1660592 2749.35083131 1
28032.5018984 2777.36747316 1
28179.7030146 2806.07416377 1
28326.7572139 2835.53335949 1
28408.3443122 2953.40662257 1
28408.7464643 3100.83760885 1
28398.9255579 3250.49164836 1
28389.1046515 3400.14568787 1
28401.0774427 3546.92921477 1
28449.3139077 3688.93634555 1
28497.414472 3830.9893121 1
28545.0383094 3973.20306621 1
28592.7560339 4115.38524522 1
28640.7463725 4257.47574153 1
28688.7367112 4399.56623784 1
28734.0729593 4542.43505209 1
28770.4205664 4687.93980528 1
28806.7681736 4833.44455846 1
28843.1157807 4978.94931165 1
28876.4497364 5125.15617417 1
28908.1525546 5271.74305306 1
28939.8553728 5418.32993194 1
28969.9427222 5565.10329651 1
28972.4719132 5715.0579061 1
28975.0011042 5865.01251569 1
28985.4023736 6014.00622352 1
29019.0182838 6160.16624652 1
29052.758043 6306.29757645 1
29086.8411391 6452.34936284 1
29120.9242352 6598.40114923 1
29155.8504886 6744.2528226 1
29191.0326732 6890.04375384 1
29226.2396036 7035.82870428 1
29261.5237581 7181.59499045 1
29296.8079126 7327.36127662 1
29331.1694529 7473.34753735 1
29368.69652 7617.21607073 1
29489.2671425 7706.40971812 1
29609.837765 7795.60336551 1
29729.5329658 7885.96828814 1
29849.2193982 7976.3449424 1
29969.0833746 8066.48591523 1
30088.9757285 8156.58921828 1
30209.4987097 8245.84566353 1
30330.1799163 8334.88963091 1
30450.6096584 8424.26918684 1
30569.9612903 8515.08752039 1
30689.6081253 8605.51208212 1
30810.2486111 8694.61121189 1
30930.8890969 8783.71034166 1
31050.8483168 8873.71880886 1
31170.2570809 8964.46201139 1
31289.665845 9055.20521392 1
31410.0888898 9144.59447031 1
31530.7362286 9233.68432039 1
31651.3835674 9322.77417048 1
31771.8078009 9412.15933502 1
31890.4761788 9503.8686466 1
32009.1445567 9595.57795818 1
32128.9264041 9685.82649996 1
32217.5984145 9798.28951223 1
32264.2761512 9940.81659964 1
32310.9993234 10083.3287899 1
32357.7732917 10225.8243254 1
32404.5327982 10368.3245718 1
32450.6619394 10511.0301571 1
32496.7910807 10653.7357424 1
32542.9637108 10796.4272554 1
32589.1800283 10939.1046318 1
32635.2748302 11081.8210316 1
32680.7711613 11224.7296234 1
32726.2674924 11367.6382152 1
32771.8678656 11510.5136039 1
32817.5643296 11653.358327 1
32863.1708766 11796.2313247 1
32907.4500823 11939.5217071 1
32951.729288 12082.8120895 1
32943.8770073 12226.7034222 1
32902.9127139 12370.9764565 1
32864.1410109 12515.8499109 1
32825.886494 12660.8649918 1
32818.8595918 12799.9967659 1
32907.260403 12921.1498852 1
32995.6612143 13042.3030045 1
33084.8257959 13162.8949816 1
33174.019449 13283.4655999 1
33263.2131021 13404.0362182 1
33353.2494912 13523.9784695 1
33443.3520195 13643.8714056 1
33533.4545478 13763.7643418 1
33659.2523459 13844.7514503 1
33786.4430174 13924.2204055 1
33913.7278015 14003.5379246 1
34041.2986823 14082.3950874 1
34168.8695631 14161.2522502 1
34297.2265748 14238.8106265 1
34426.2512653 14315.2659139 1
34555.2759558 14391.7212014 1
34683.0476876 14470.2246045 1
34809.8669861 14550.2848773 1
34936.6862845 14630.3451501 1
35064.8804062 14708.1799587 1
35193.2335472 14785.7573584 1
35321.5866882 14863.3347581 1
35450.0788124 14940.6815669 1
35578.622584 15017.9426861 1
35707.1298481 15095.2639065 1
35834.9453143 15173.7240133 1
35962.7607805 15252.1841201 1
36090.5375433 15330.7071998 1
36218.267613 15409.3062523 1
36345.9976827 15487.9053047 1
36495.0430112 15497.845314 1
36644.8284921 15505.4012024 1
36794.616994 15512.8956388 1
36944.4213515 15520.067543 1
37094.225709 15527.2394472 1
37244.0577734 15533.7991205 1
37393.8975759 15540.1878074 1
37535.1795353 15520.720516 1
37651.6196811 15426.1981684 1
37768.0598269 15331.6758208 1
37883.9653229 15236.5003422 1
37999.6261568 15141.0259831 1
38115.2869906 15045.5516239 1
38230.2422328 14949.2314745 1
38351.1265684 14869.2942991 1
38501.0926589 14867.575739 1
38651.0137652 14863.8941431 1
38800.9011586 14858.7413738 1
38950.788552 14853.5886045 1
39100.6540899 14847.8359287 1
39250.5190807 14842.0682371 1
39400.3855109 14836.3384265 1
39550.2560554 14830.7168921 1
39700.1265999 14825.0953577 1
39849.9752786 14818.9529991 1
39999.7896239 14811.9928485 1
40149.6039692 14805.0326978 1
40299.4542985 14799.0462291 1
40449.3737171 14794.9292329 1
40599.2931357 14790.8122367 1
40749.1638136 14796.3458768 1
40899.0339993 14801.9769675 1
41048.8956805 14807.8251426 1
41198.7470745 14813.9359096 1
41348.6012059 14819.965188 1
41498.5248643 14823.9247854 1
41648.4485227 14827.8843828 1
41798.2876346 14833.9113242 1
41948.0339603 14842.2070871 1
42097.8163517 14849.6980979 1
42247.704437 14854.8307031 1
42397.5925223 14859.9633082 1
42547.460023 14865.6596132 1
42697.3232476 14871.4730162 1
42847.1908893 14877.1699589 1
42997.0639193 14882.7248317 1
43146.9369493 14888.2797045 1
43296.7733685 14894.7383142 1
43446.6046156 14901.324598 1
43596.4475392 14907.6306789 1
43746.3072907 14913.5329348 1
43896.1670422 14919.4351907 1
44046.0610153 14924.3642569 1
44195.9651968 14929.0030199 1
44345.8693783 14933.6417829 1
44495.6999655 14940.1905367 1
44645.5166393 14947.1003835 1
44787.5096839 14926.684548 1
44911.5278584 14842.4076087 1
45039.1571003 14763.700176 1
45165.0764731 14682.2318184 1
45290.995846 14600.7634608 1
45421.9443903 14597.2419852 1
45557.2889067 14661.8534673 1
45692.6627725 14726.4028603 1
45828.4976097 14789.9770591 1
45964.0028089 14854.2449842 1
46099.0852737 14919.4025582 1
46234.1677385 14984.5601321 1
46369.499677 15049.1881248 1
46505.756673 15111.8524112 1
46641.9059428 15174.7452207 1
46776.9537608 15239.9745745 1
46912.0015788 15305.2039284 1
47047.0493968 15370.4332823 1
47182.2380896 15435.3656811 1
47318.1866269 15498.6963762 1
47454.1351642 15562.0270713 1
47589.676714 15626.2138514 1
47724.6170747 15691.6652135 1
47859.5574354 15757.1165756 1
47994.4977961 15822.5679377 1
48129.7995075 15887.2686241 1
48265.1271612 15951.9154174 1
48401.3060433 16014.7433458 1
48537.5922368 16077.3435881 1
48673.6509493 16140.4372368 1
48809.2332755 16204.5285099 1
48943.9226807 16270.4933771 1
49078.9974905 16335.6668189 1
49214.0723003 16400.8402607 1
49349.1471101 16466.0137024 1
49484.2219199 16531.1871442 1
49620.0696813 16594.7284449 1
49756.076375 16657.9341488 1
49892.0830687 16721.1398527 1
50028.0785529 16784.3694158 1
50163.5518649 16848.7104095 1
50299.0251769 16913.0514033 1
50434.4984889 16977.392397 1
50569.5922083 17042.5257352 1
50702.5134646 17111.9453395 1
50834.8883194 17182.4412937 1
50966.0342343 17255.1935274 1
51097.0603956 17328.1656235 1
51228.0865569 17401.1377196 1
51359.1579949 17474.0283166 1
51490.3344337 17546.7299234 1
51621.5103625 17619.4324506 1
51752.6862913 17692.1349778 1
51883.8622201 17764.837505 1
52015.0381489 17837.5400321 1
52146.1220375 17910.408114 1
52277.1633792 17983.3526362 1
52408.3939749 18055.9564413 1
52538.3794096 18130.762638 1
52668.2478454 18205.7757776 1
52806.0181209 18260.3554606 1
52952.5665135 18292.2357109 1
53093.8611609 18339.144319 1
53230.7126197 18399.6945986 1
53373.4382402 18445.7617126 1
53513.0847397 18500.4273688 1
53652.6093179 18555.4334941 1
53780.4368746 18630.4682367 1
53896.8996636 18724.9626837 1
54013.4634384 18819.332214 1
54130.2616605 18913.4117392 1
54247.0598826 19007.4912644 1
54363.7910302 19101.6533796 1
54479.8290671 19196.6689349 1
54595.9688449 19291.5593607 1
54712.6596277 19385.7721144 1
54829.3504105 19479.984868 1
54946.0120833 19574.2336144 1
55062.5425928 19668.6445359 1
55179.0731023 19763.0554575 1
55268.7432758 19883.2230217 1
55358.1846179 20003.6100146 1
55447.3153485 20124.226302 1
55536.0171935 20245.1591943 1
55624.7190385 20366.0920866 1
55713.4208835 20487.0249789 1
55803.1155673 20607.2168542 1
55893.8184352 20726.6562594 1
55982.6002043 20847.5121052 1
56069.883462 20969.4728147 1
56157.1319837 21091.4583721 1
56244.5654889 21213.3079333 1
56334.7061852 21333.1721757 1
56424.8468815 21453.0364181 1
56530.4470233 21557.091658 1
56652.2964635 21644.5301831 1
56774.1459037 21731.9687082 1
56895.9953439 21819.4072332 1
57017.0086578 21907.9990148 1
57137.9989665 21996.6225272 1
57260.6367119 22082.9486342 1
57383.3916261 22169.1113453 1
57505.1372328 22256.6782833 1
57625.9309748 22345.5695294 1
57744.7454043 22436.2267453 1
57819.3445985 22566.3334015 1
57893.9437926 22696.4400577 1
57969.1126894 22826.2183441 1
58044.3014438 22955.9851849 1
58118.3254956 23086.4176299 1
58191.9620048 23217.0715478 1
58270.8756604 23344.5691439 1
58351.154246 23471.2503597 1
58436.1761014 23594.6898099 1
58525.0445715 23715.5003093 1
58613.9130416 23836.3108087 1
58701.9691777 23957.7022504 1
58787.5684444 24080.850727 1
58873.1677111 24203.9992036 1
58975.6846727 24306.784644 1
59112.4349289 24368.3650724 1
59249.1851852 24429.9455008 1
59386.8620324 24489.4188069 1
59524.6776166 24548.576617 1
59662.5425213 24607.6191886 1
59800.4844556 24666.4817787 1
59938.5331754 24725.0932298 1
60076.6256258 24783.6018351 1
60214.481028 24842.6629231 1
60352.0362342 24902.4236709 1
60489.5914405 24962.1844187 1
60626.8434168 25022.6368756 1
60764.0011967 25083.3042075 1
60901.2779072 25143.7002272 1
61038.8355663 25203.4553289 1
61176.3932254 25263.2104306 1
61313.9949901 25322.8630738 1
61451.9450636 25381.7065863 1
61589.8951371 25440.5500989 1
61728.0648407 25498.8657661 1
61866.9136661 25555.5383745 1
62003.2616307 25618.0044797 1
62139.6095953 25680.4705849 1
62277.3971251 25739.6935229 1
62415.1871693 25798.9107962 1
62552.8632292 25858.3916103 1
62690.377518 25918.2464524 1
62828.0201551 25977.8037946 1
62965.9185288 26036.7683625 1
63106.5445158 26088.5246318 1
63248.9339214 26135.6206922 1
63391.3227071 26182.7186268 1
63533.7103208 26229.8201047 1
63676.0669722 26277.0135177 1
63817.938903 26325.6461919 1
63959.8108338 26374.2788661 1
64102.2842755 26421.1096262 1
64244.9210776 26467.4510164 1
64387.3741664 26514.3502448 1
64529.6346655 26561.8342647 1
64671.8951646 26609.3182846 1
64814.3777352 26656.1312321 1
64956.881093 26702.8813632 1
65099.3490965 26749.7387869 1
65241.7296258 26796.8616754 1
65384.1101551 26843.9845639 1
65529.6942446 26879.7143778 1
65675.7685956 26913.7006359 1
65821.8468533 26947.670089 1
65967.9335689 26981.6031593 1
66114.0202845 27015.5362296 1
66250.4226992 27075.3241231 1
66382.8539761 27145.7140274 1
66515.2610335 27216.1490196 1
66647.069143 27287.6990302 1
66778.8772525 27359.2490408 1
66910.9719358 27430.2672409 1
67043.2171132 27501.0061608 1
67175.4622906 27571.7450807 1
67308.4514941 27641.0703069 1
67441.6350106 27710.0263267 1
67572.3856125 27781.8816052 1
67663.4139821 27901.073122 1
67754.4423516 28020.2646388 1
67846.6945254 28138.5059777 1
67939.6114598 28256.2311876 1
68032.5283943 28373.9563975 1
68124.6574623 28492.2987995 1
68216.7137956 28610.6981798 1
68308.858304 28729.0288156 1
68401.2281395 28847.1837784 1
68493.597975 28965.3387412 1
68586.9335948 29082.7301306 1
68680.5913079 29199.8668649 1
68773.9934499 29317.2047626 1
68865.8508812 29435.7585228 1
68957.7083125 29554.312283 1
69049.9560945 29672.5618984 1
69142.4540102 29790.6166202 1
69235.2461862 29908.43852 1
69328.8612877 30025.6093121 1
69422.4763892 30142.7801042 1
69514.9139867 30260.8730473 1
69606.2308107 30379.8437135 1
69697.5476347 30498.8143797 1
69790.2970337 30616.6707339 1
69883.1379903 30734.455871 1
69974.9946923 30853.0070734 1
70066.3829065 30971.9229094 1
70166.9754218 31081.9125859 1
70283.031961 31176.9055406 1
70398.0336492 31273.1687225 1
70512.7283979 31369.8015139 1
70627.9335895 31465.8169275 1
70744.4002922 31560.3065508 1
70860.8669949 31654.796174 1
70975.6537286 31751.3103974 1
71090.0054572 31848.3488636 1
71204.3644416 31945.3786783 1
71319.8328693 32041.0856475 1
71435.301297 32136.7926167 1
71550.1894687 32233.1932962 1
71664.7947686 32329.9321559 1
71779.5108603 32426.5385622 1
71894.978628 32522.2463277 1
72010.4463957 32617.9540932 1
72134.1489278 32701.0936553 1
72268.0013777 32768.742036 1
72401.8538276 32836.3904166 1
72535.6756013 32904.0994568 1
72669.4940592 32971.8150537 1
72802.8471981 33040.4388557 1
72935.9787601 33109.4951294 1
73069.5596443 33177.6619959 1
73204.1394328 33243.8515893 1
73338.7192213 33310.0411828 1
73472.3092876 33378.1945912 1
73605.5741932 33446.9931863 1
73738.8392577 33515.7914735 1
73872.1045692 33584.5892824 1
74005.3698806 33653.3870913 1
74138.7784624 33721.9055496 1
74272.4093211 33789.9906093 1
74406.0123238 33858.1297027 1
74538.986913 33927.4877619 1
247887.80490778532 122037.28819333852 1
