2 1 1
6 1 1 2 2 3 3
6 1 1 2 2 3 3
30 1 1 2 2 3 3 4 4 5 5 6 6 8 8 9 9 10 10 11 11 12 12 13 13 14 14 15 15 16 16
22 1 1 2 2 3 3 5 5 6 6 7 7 8 8 10 10 11 11 12 12 13 13
6 1 1 2 2 3 3
4 1 1 2 2
16 1 1 2 2 3 3 4 4 5 5 8 8 11 11 16 16
28 1 1 2 2 6 6 7 7 9 9 10 10 11 11 12 12 13 13 16 16 18 18 20 20 21 21 22 22
22 1 1 2 2 4 4 5 5 6 6 7 7 8 8 9 9 11 11 12 12 13 13
30 1 1 2 2 3 3 5 5 6 6 8 8 9 9 10 10 13 13 14 14 15 15 18 18 19 19 24 24 25 25
18 1 1 2 2 3 3 4 4 7 7 9 9 10 10 12 12 14 14
4 1 1 2 2
16 1 1 2 2 6 6 7 7 9 9 13 13 15 15 16 16
16 1 1 2 2 3 3 4 4 5 5 8 8 10 10 12 12
22 1 1 2 2 3 3 5 5 7 7 9 9 11 11 12 12 13 13 16 16 17 17
24 1 1 2 2 3 3 4 4 5 5 8 8 11 11 12 12 16 16 18 18 19 19 20 20
14 1 1 2 2 3 3 4 4 6 6 7 7 14 14
6 1 1 2 2 3 3
18 1 1 2 2 3 3 4 4 6 6 7 7 10 10 14 14 20 20
6 1 1 2 2 3 3
4 1 1 2 2
14 1 1 2 2 5 5 8 8 9 9 16 16 17 17
8 1 1 2 2 3 3 4 4
4 1 1 2 2
20 1 1 2 2 3 3 4 4 5 5 6 6 8 8 9 9 10 10 12 12
8 1 1 2 2 5 5 7 7
22 1 1 2 2 4 4 6 6 7 7 8 8 9 9 10 10 11 11 12 12 16 16
8 1 1 2 2 3 3 5 5
6 1 1 2 2 4 4
6 1 1 2 2 3 3
4 1 1 2 2
12 1 1 2 2 3 3 4 4 5 5 9 9
6 1 1 2 2 3 3
16 1 1 2 2 3 3 4 4 5 5 8 8 12 12 13 13
4 1 1 2 2
12 1 1 2 2 7 7 9 9 10 10 17 17
22 1 1 2 2 3 3 4 4 5 5 7 7 8 8 9 9 11 11 12 12 13 13
6 1 1 2 2 4 4
6 1 1 2 2 3 3
4 1 1 2 2
8 1 1 2 2 3 3 4 4
4 1 1 2 2
8 1 1 2 2 3 3 5 5
20 1 1 2 2 4 4 7 7 8 8 9 9 10 10 11 11 12 12 16 16
8 1 1 2 2 3 3 4 4
4 1 1 2 2
12 1 1 2 2 3 3 4 4 5 5 8 8
14 1 1 2 2 3 3 5 5 6 6 7 7 9 9
4 1 1 2 2
12 1 1 2 2 3 3 4 4 6 6 7 7
4 1 1 2 2
10 1 1 2 2 3 3 4 4 5 5
8 1 1 2 2 3 3 4 4
10 1 1 2 2 5 5 6 6 7 7
6 1 1 2 2 3 3
10 1 1 2 2 3 3 9 9 11 11
6 1 1 2 2 4 4
8 1 1 2 2 3 3 5 5
10 1 1 2 2 3 3 4 4 19 19
10 1 1 2 2 3 3 5 5 7 7
14 1 1 2 2 3 3 4 4 5 5 6 6 8 8
20 1 1 2 2 4 4 5 5 6 6 8 8 9 9 10 10 11 11 14 14
8 1 1 2 2 3 3 7 7
6 1 1 2 2 4 4
6 1 1 2 2 3 3
4 1 1 2 2
18 1 1 2 2 3 3 4 4 5 5 7 7 8 8 9 9 16 16
20 1 1 2 2 4 4 6 6 7 7 8 8 9 9 10 10 11 11 12 12
14 1 1 2 2 6 6 7 7 8 8 10 10 12 12
16 1 1 2 2 4 4 6 6 7 7 8 8 9 9 13 13
6 1 1 2 2 3 3
4 1 1 2 2
16 1 1 2 2 4 4 5 5 6 6 7 7 11 11 12 12
6 1 1 2 2 3 3
18 1 1 2 2 3 3 5 5 6 6 7 7 8 8 9 9 10 10
30 1 1 2 2 6 6 7 7 9 9 11 11 12 12 13 13 15 15 16 16 17 17 18 18 21 21 22 22 23 23
6 1 1 2 2 3 3
6 1 1 2 2 3 3
6 1 1 2 2 3 3
6 1 1 2 2 3 3
6 1 1 2 2 10 10
12 1 1 2 2 3 3 4 4 5 5 7 7
4 1 1 2 2
6 1 1 2 2 3 3
10 1 1 2 2 3 3 4 4 6 6
6 1 1 2 2 3 3
4 1 1 2 2
8 1 1 2 2 3 3 5 5
16 1 1 2 2 3 3 4 4 5 5 6 6 8 8 10 10
8 1 1 2 2 3 3 5 5
4 1 1 2 2
4 1 1 2 2
6 1 1 2 2 3 3
8 1 1 2 2 3 3 6 6
14 1 1 2 2 3 3 4 4 5 5 9 9 12 12
6 1 1 2 2 3 3
4 1 1 2 2
10 1 1 2 2 3 3 4 4 6 6
4 1 1 2 2
16 1 1 2 2 3 3 4 4 5 5 8 8 10 10 19 19
12 1 1 2 2 3 3 4 4 8 8 10 10
4 1 1 2 2
4 1 1 2 2
6 1 1 2 2 3 3
24 1 1 2 2 7 7 9 9 11 11 12 12 13 13 14 14 15 15 16 16 17 17 18 18
4 1 1 2 2
14 1 1 2 2 6 6 7 7 10 10 15 15 17 17
16 1 1 2 2 3 3 4 4 5 5 9 9 15 15 17 17
8 1 1 2 2 3 3 6 6
12 1 1 2 2 4 4 5 5 7 7 8 8
10 1 1 2 2 3 3 5 5 15 15
4 1 1 2 2
8 1 1 2 2 3 3 4 4
8 1 1 2 2 3 3 5 5
6 1 1 2 2 4 4
6 1 1 2 2 3 3
4 1 1 2 2
12 1 1 2 2 3 3 4 4 6 6 10 10
18 1 1 2 2 4 4 5 5 7 7 9 9 13 13 14 14 21 21
4 1 1 2 2
10 1 1 2 2 3 3 4 4 6 6
4 1 1 2 2
10 1 1 2 2 3 3 4 4 8 8
4 1 1 2 2
8 1 1 2 2 3 3 5 5
10 1 1 2 2 4 4 6 6 7 7
8 1 1 2 2 3 3 5 5
6 1 1 2 2 4 4
6 1 1 2 2 3 3
4 1 1 2 2
6 1 1 2 2 3 3
4 1 1 2 2
14 1 1 2 2 3 3 4 4 5 5 6 6 8 8
6 1 1 2 2 3 3
12 1 1 2 2 3 3 5 5 11 11 14 14
14 1 1 2 2 3 3 4 4 5 5 6 6 15 15
12 1 1 2 2 3 3 4 4 9 9 14 14
24 1 1 2 2 6 6 7 7 8 8 10 10 11 11 12 12 16 16 18 18 19 19 20 20
10 1 1 2 2 3 3 4 4 15 15
4 1 1 2 2
8 1 1 2 2 4 4 6 6
8 1 1 2 2 3 3 6 6
10 1 1 2 2 4 4 7 7 12 12
12 1 1 2 2 3 3 4 4 5 5 6 6
4 1 1 2 2
8 1 1 2 2 3 3 13 13
4 1 1 2 2
6 1 1 2 2 3 3
6 1 1 2 2 4 4
8 1 1 2 2 3 3 4 4
4 1 1 2 2
8 1 1 2 2 3 3 4 4
4 1 1 2 2
4 1 1 2 2
8 1 1 2 2 3 3 4 4
4 1 1 2 2
4 1 1 2 2
8 1 1 2 2 3 3 5 5
6 1 1 2 2 4 4
6 1 1 2 2 3 3
4 1 1 2 2
10 1 1 2 2 3 3 4 4 5 5
4 1 1 2 2
4 1 1 2 2
6 1 1 2 2 3 3
4 1 1 2 2
8 1 1 2 2 3 3 4 4
4 1 1 2 2
14 1 1 2 2 3 3 5 5 6 6 10 10 11 11
4 1 1 2 2
4 1 1 2 2
16 1 1 2 2 3 3 4 4 5 5 7 7 13 13 14 14
4 1 1 2 2
6 1 1 2 2 4 4
6 1 1 2 2 3 3
4 1 1 2 2
4 1 1 2 2
8 1 1 2 2 3 3 4 4
4 1 1 2 2
8 1 1 2 2 3 3 4 4
4 1 1 2 2
8 1 1 2 2 3 3 5 5
4 1 1 2 2
6 1 1 2 2 3 3
8 1 1 2 2 3 3 4 4
6 1 1 2 2 4 4
6 1 1 2 2 3 3
4 1 1 2 2
4 1 1 2 2
4 1 1 2 2
4 1 1 2 2
8 1 1 2 2 8 8 11 11
4 1 1 2 2
4 1 1 2 2
4 1 1 2 2
8 1 1 2 2 3 3 6 6
4 1 1 2 2
4 1 1 2 2
4 1 1 2 2
6 1 1 2 2 3 3
4 1 1 2 2
4 1 1 2 2
4 1 1 2 2
4 1 1 2 2
4 1 1 2 2
4 1 1 2 2
4 1 1 2 2
4 1 1 2 2
4 1 1 2 2
4 1 1 2 2
4 1 1 2 2
8 1 1 2 2 3 3 5 5
6 1 1 2 2 4 4
8 1 1 2 2 3 3 6 6
4 1 1 2 2
4 1 1 2 2
6 1 1 2 2 3 3
4 1 1 2 2
10 1 1 2 2 3 3 4 4 5 5
4 1 1 2 2
8 1 1 2 2 3 3 5 5
6 1 1 2 2 4 4
6 1 1 2 2 3 3
4 1 1 2 2
4 1 1 2 2
4 1 1 2 2
4 1 1 2 2
4 1 1 2 2
4 1 1 2 2
